1 2
1 3
2 4
3 5
4 6
5 7
5 8
5 8
6 9
6 10
6 10
7 11
7 11
7 12
8 13
8 13
9 14
9 15
9 16
11 17
11 18
12 19
13 20
13 21
14 22
15 23
16 24
17 25
18 24
19 26
20 21
21 27
21 28
22 29
23 30
24 31
24 32
25 33
25 34
25 35
26 36
26 37
26 38
27 39
27 39
27 40
28 36
28 36
28 41
29 30
29 31
29 32
30 42
30 43
31 44
31 45
33 46
34 47
34 48
34 49
35 38
35 49
35 49
36 50
37 49
37 51
37 52
38 53
38 54
39 55
39 56
40 47
40 47
40 57
41 58
42 59
42 60
42 61
43 45
44 61
44 62
44 63
46 64
46 65
46 66
47 57
48 67
50 68
50 68
50 69
51 70
51 71
51 72
52 54
53 67
55 57
56 73
56 74
56 74
57 75
58 69
58 76
58 77
59 60
59 62
59 78
60 79
60 80
61 81
61 82
61 83
61 83
62 63
62 84
63 85
63 86
64 65
64 87
64 88
65 66
65 88
66 75
66 88
68 77
68 89
69 72
69 73
70 71
70 90
70 90
71 90
71 90
73 87
73 91
76 91
76 92
76 93
76 94
76 95
77 91
77 94
77 96
77 97
78 95
78 98
78 99
79 85
79 100
79 101
79 102
79 102
80 103
81 104
81 105
81 106
82 103
82 103
82 107
83 104
83 108
83 109
83 110
84 98
84 98
84 111
85 99
85 108
86 107
88 112
89 92
91 95
91 97
91 113
92 95
92 96
93 94
93 113
93 113
94 112
96 114
96 114
97 112
97 113
98 115
100 116
100 116
100 117
101 118
102 105
102 119
103 120
104 105
104 121
105 114
106 116
106 122
106 123
107 124
107 124
108 125
108 126
108 126
108 127
109 119
109 119
109 128
110 129
110 130
110 131
111 127
112 114
115 124
115 124
115 132
116 133
117 123
118 131
119 134
120 135
120 136
120 137
121 138
122 133
122 139
122 140
125 139
125 139
125 140
126 132
126 139
128 141
129 131
130 135
130 142
130 142
131 143
133 140
133 140
134 142
135 144
135 145
136 146
137 147
137 147
137 148
138 146
141 143
141 149
141 150
142 151
143 149
143 152
144 147
144 153
144 154
145 155
147 156
148 154
149 152
149 156
150 157
151 158
152 153
152 153
153 157
155 159
156 157
156 157
158 159
